#
#
#
               1305032353.9895           0.90959999999999996          -0.41949999999999998           0.79890000000000005          -0.26229999999999998          -0.56340000000000001           0.70069999999999999           0.35039999999999999
               1305032354.3297           0.94699999999999995          -0.40129999999999999           0.95530000000000004                         0.309           0.64559999999999995          -0.61670000000000003          -0.32779999999999998
            1305032354.6607001           0.97770000000000001          -0.37890000000000001            1.1237999999999999           0.35899999999999999           0.69940000000000002          -0.53790000000000004          -0.30449999999999999
                 1305032354.99           0.98040000000000005                       -0.3569            1.2648999999999999           0.33050000000000002                        0.7681          -0.47399999999999998          -0.27579999999999999
            1305032355.3301001           0.94099999999999995          -0.35809999999999997            1.4142999999999999           0.21390000000000001           0.86770000000000003          -0.40100000000000002          -0.20150000000000001
            1305032355.6603999           0.84909999999999997          -0.32800000000000001                        1.5205           0.12280000000000001                        0.8871          -0.42199999999999999          -0.14080000000000001
               1305032355.9905           0.73399999999999999          -0.24560000000000001            1.6063000000000001          0.097699999999999995           0.87209999999999999                       -0.4536          -0.15509999999999999
            1305032356.3304999           0.63660000000000005                       -0.1832            1.6140000000000001          0.023800000000000002           0.87050000000000005          -0.48039999999999999                       -0.1047
            1305032356.6603999           0.52490000000000003          -0.16669999999999999                        1.5185         -0.041599999999999998           0.80840000000000001          -0.57120000000000004          -0.13569999999999999
            1305032356.9904001           0.41060000000000002          -0.13850000000000001                        1.3344                       -0.0144           0.75739999999999996          -0.64629999999999999         -0.091899999999999996
               1305032357.3304                        0.3367                        -0.111                         1.171        -0.0067000000000000002           0.70989999999999998          -0.70409999999999995         -0.017999999999999999
            1305032357.6603999           0.31409999999999999         -0.077700000000000005            1.0227999999999999          0.046100000000000002           0.71719999999999995          -0.69520000000000004                        0.0123
            1305032357.9904001           0.30380000000000001                       -0.0511           0.92830000000000001          0.082699999999999996           0.72109999999999996          -0.68689999999999996         -0.036600000000000001
               1305032358.3304           0.31929999999999997          -0.12089999999999999           0.88270000000000004         -0.058099999999999999                       -0.6421           0.76370000000000005          0.032800000000000003
            1305032358.6603999                        0.3145                       -0.1489           0.82720000000000005         -0.048099999999999997          -0.65039999999999998           0.75800000000000001         0.0061999999999999998
            1305032358.9904001           0.30859999999999999                       -0.1032           0.92820000000000003        -0.0025000000000000001          -0.65369999999999995           0.75680000000000003        -0.0067000000000000002
               1305032359.3304           0.27679999999999999                        -0.023            1.0855999999999999        -0.0071999999999999998           0.75760000000000005          -0.65100000000000002         -0.046399999999999997
            1305032359.6603999                        0.2571         -0.028799999999999999            1.2712000000000001        -0.0012999999999999999                        0.8337          -0.54830000000000001         -0.065699999999999995
            1305032359.9902999                        0.2278                       -0.1134                        1.4371         -0.055599999999999997           0.88519999999999999                       -0.4577         -0.062600000000000003
               1305032360.3304                        0.1867          -0.25729999999999997            1.5509999999999999          -0.18140000000000001           0.91290000000000004                       -0.3639         -0.034099999999999998
