#
#
#
            1305032354.0896001           0.91869999999999996          -0.41699999999999998           0.83589999999999998          -0.26829999999999998          -0.58819999999999995           0.67800000000000005                        0.3498
            1305032354.1896999           0.92889999999999995                       -0.4118           0.88039999999999996                       -0.2928          -0.61629999999999996           0.64829999999999999           0.33779999999999999
               1305032354.2897           0.94120000000000004          -0.40460000000000002                        0.9325           0.31019999999999998           0.63919999999999999          -0.62260000000000004                       -0.3281
            1305032354.3896999           0.95520000000000005          -0.39610000000000001           0.99060000000000004                        0.3049           0.65610000000000002          -0.60540000000000005          -0.33160000000000001
               1305032354.4898           0.96679999999999999          -0.38869999999999999                        1.0466           0.30780000000000002           0.67159999999999997          -0.58560000000000001                       -0.3337
            1305032354.5897999                        0.9748          -0.38179999999999997            1.0941000000000001           0.33750000000000002           0.69210000000000005          -0.55259999999999998          -0.31900000000000001
            1305032354.6898999           0.97870000000000001                       -0.3775            1.1361000000000001           0.36509999999999998           0.70469999999999999          -0.53080000000000005          -0.29720000000000002
            1305032354.7899001           0.98029999999999995          -0.37290000000000001                        1.1778           0.36420000000000002           0.72430000000000005          -0.51249999999999996                       -0.2828
            1305032354.8900001           0.98180000000000001          -0.36520000000000002                        1.2219                        0.3498           0.74329999999999996                        -0.497          -0.27950000000000003
                 1305032354.99           0.98040000000000005                       -0.3569            1.2648999999999999           0.33050000000000002                        0.7681          -0.47399999999999998          -0.27579999999999999
               1305032355.0901           0.97440000000000004                       -0.3518            1.3093999999999999           0.30149999999999999           0.80200000000000005          -0.43859999999999999          -0.27129999999999999
               1305032355.1901           0.96379999999999999          -0.35310000000000002            1.3553999999999999                        0.2676           0.83379999999999999          -0.41320000000000001          -0.24970000000000001
            1305032355.2902999           0.94869999999999999                       -0.3569                        1.3989                        0.2266           0.85999999999999999          -0.40310000000000001          -0.21590000000000001
            1305032355.3901999           0.92859999999999998                       -0.3584                        1.4357                        0.1928           0.87719999999999998          -0.39989999999999998          -0.18290000000000001
               1305032355.4902           0.90500000000000003          -0.35420000000000001                        1.4681           0.15540000000000001           0.88449999999999995          -0.40670000000000001          -0.16739999999999999
            1305032355.5903001           0.87429999999999997                       -0.3417                        1.4976                        0.1333           0.88900000000000001          -0.41370000000000001          -0.14410000000000001
               1305032355.6903           0.83840000000000003          -0.32119999999999999            1.5308999999999999                        0.1167           0.88700000000000001          -0.42520000000000002          -0.13719999999999999
            1305032355.7902999           0.80149999999999999          -0.29620000000000002            1.5649999999999999                        0.1103           0.88439999999999996          -0.43469999999999998          -0.12939999999999999
            1305032355.8903999                        0.7651          -0.27079999999999999            1.5932999999999999          0.089300000000000004           0.86429999999999996          -0.46789999999999998                       -0.1615
