#
#
#
            1305032354.0896001           0.91869999999999996          -0.41699999999999998           0.83589999999999998 2.64079e-11 -5.22433e-11 -1.66141e-11 1
            1305032354.0896001           0.91869999999999996          -0.41699999999999998           0.83589999999999998 0.0464683 -0.0604553 0.241496 0.967402
            1305032354.0896001           0.91869999999999996          -0.41699999999999998           0.83589999999999998 -0.00550063 -0.200618 0.316156 0.927237
            1305032354.0896001           0.91869999999999996          -0.41699999999999998           0.83589999999999998 0.0146717 -0.0185461 0.229494 0.973023
            1305032354.0896001           0.91869999999999996          -0.41699999999999998           0.83589999999999998 0.0524264 -0.0473313 0.358516 0.930848
            1305032354.0896001           0.91869999999999996          -0.41699999999999998           0.83589999999999998 -0.0442081 0.0114911 0.258826 0.964843
            1305032354.0896001           0.91869999999999996          -0.41699999999999998           0.83589999999999998 0.0214162 0.197309 0.258093 0.945515
            1305032354.0896001           0.91869999999999996          -0.41699999999999998           0.83589999999999998 -0.133981 0.0477119 0.250482 0.957617
            1305032354.0896001           0.91869999999999996          -0.41699999999999998           0.83589999999999998 -0.17491 0.0549622 0.208449 0.960695
            1305032354.0896001           0.91869999999999996          -0.41699999999999998           0.83589999999999998 -0.218108 0.0456023 0.174238 0.959161
            1305032354.0896001           0.91869999999999996          -0.41699999999999998           0.83589999999999998 -0.370153 -0.0103714 0.0880044 0.924735
            1305032354.0896001           0.91869999999999996          -0.41699999999999998           0.83589999999999998 -0.326394 -0.0444972 0.0961313 0.939279
            1305032354.0896001           0.91869999999999996          -0.41699999999999998           0.83589999999999998 -0.348868 -0.102727 0.0790745 0.928162
            1305032354.0896001           0.91869999999999996          -0.41699999999999998           0.83589999999999998 -0.361136 -0.154698 0.0720381 0.916766
            1305032354.0896001           0.91869999999999996          -0.41699999999999998           0.83589999999999998 -0.340192 -0.190665 0.0617233 0.918753
            1305032354.0896001           0.91869999999999996          -0.41699999999999998           0.83589999999999998 -0.334457 -0.222773 0.0639381 0.913468
            1305032354.0896001           0.91869999999999996          -0.41699999999999998           0.83589999999999998 -0.320414 -0.238485 0.0622453 0.91465
            1305032354.0896001           0.91869999999999996          -0.41699999999999998           0.83589999999999998 -0.309842 -0.247387 0.067324 0.915568
            1305032354.0896001           0.91869999999999996          -0.41699999999999998           0.83589999999999998 -0.264041 -0.235532 0.0486587 0.934045
