#
#
#
1305032354.109860 0.0       0.0        0.0         0.0        0.0         0.0        1.0
1305032354.209651 0.0242674 -0.0400493 -0.00147491 -0.0453781 -0.00213214 0.00931516 0.998924
1305032354.309733 0.0277725 -0.0951989 -0.00307056 -0.0820747 0.00253882 0.0103669 0.996569
1305032354.407556 0.023687 -0.165108 -0.00768512 -0.100257 0.00250567 -0.00757192 0.99493
1305032354.510161 0.0298325 -0.208199 -0.0148892 -0.121326 0.0034883 -0.0125645 0.992527
1305032354.610249 0.0357479 -0.2499 -0.0164745 -0.16635 0.016209 0.00175268 0.985932
1305032354.709984 0.0491688 -0.283721 -0.017464 -0.19942 0.0196833 0.0232953 0.979439
1305032354.813526 0.0546097 -0.331791 -0.00787937 -0.229723 0.00849137 0.0191639 0.97303
1305032354.913596 0.0635786 -0.385286 0.00152483 -0.25347 -0.0055488 0.00156129 0.967326
1305032355.013557 0.0748511 -0.43471 0.0145179 -0.28224 -0.0240315 -0.0223202 0.958783
1305032355.113721 0.0846865 -0.494867 0.035692 -0.322938 -0.0476312 -0.0591259 0.94337
1305032355.213995 0.0982093 -0.54707 0.0679268 -0.35951 -0.090441 -0.08117 0.925194
1305032355.312689 0.0312455 -0.615362 0.0991986 -0.396161 -0.095511 -0.0826632 0.909451
1305032355.415084 -0.0240233 -0.655893 0.138303 -0.417403 -0.102717 -0.073185 0.899927
1305032355.514371 -0.0403166 -0.692455 0.167782 -0.418874 -0.121655 -0.0785572 0.896423
1305032355.614298 -0.0193446 -0.717842 0.190831 -0.416221 -0.147553 -0.0720918 0.89431
1305032355.715171 0.0170115 -0.755573 0.212045 -0.408585 -0.163601 -0.0724327 0.895012
1305032355.815082 0.0750293 -0.77857 0.219315 -0.395734 -0.177764 -0.067867 0.898437
1305032355.914958 0.134753 -0.810471 0.221405 -0.350056 -0.179708 -0.0939378 0.914517
