VERTEX_SE3:QUAT 0 0.000000 0.000000 0.000000 0.0 0.0 0.0 1.0
VERTEX_SE3:QUAT 1 0.000000 0.000000 0.000000 0.0 0.0 0.0 1.0
VERTEX_SE3:QUAT 2 0.000000 0.000000 0.000000 0.0 0.0 0.0 1.0
VERTEX_SE3:QUAT 3 0.000000 0.000000 0.000000 0.0 0.0 0.0 1.0
VERTEX_SE3:QUAT 4 0.000000 0.000000 0.000000 0.0 0.0 0.0 1.0
VERTEX_SE3:QUAT 5 0.000000 0.000000 0.000000 0.0 0.0 0.0 1.0
VERTEX_SE3:QUAT 6 0.000000 0.000000 0.000000 0.0 0.0 0.0 1.0
VERTEX_SE3:QUAT 7 0.000000 0.000000 0.000000 0.0 0.0 0.0 1.0
VERTEX_SE3:QUAT 8 0.000000 0.000000 0.000000 0.0 0.0 0.0 1.0
VERTEX_SE3:QUAT 9 0.000000 0.000000 0.000000 0.0 0.0 0.0 1.0
VERTEX_SE3:QUAT 10 0.000000 0.000000 0.000000 0.0 0.0 0.0 1.0
VERTEX_SE3:QUAT 11 0.000000 0.000000 0.000000 0.0 0.0 0.0 1.0
VERTEX_SE3:QUAT 12 0.000000 0.000000 0.000000 0.0 0.0 0.0 1.0
VERTEX_SE3:QUAT 13 0.000000 0.000000 0.000000 0.0 0.0 0.0 1.0
VERTEX_SE3:QUAT 14 0.000000 0.000000 0.000000 0.0 0.0 0.0 1.0
VERTEX_SE3:QUAT 15 0.000000 0.000000 0.000000 0.0 0.0 0.0 1.0
VERTEX_SE3:QUAT 16 0.000000 0.000000 0.000000 0.0 0.0 0.0 1.0
VERTEX_SE3:QUAT 17 0.000000 0.000000 0.000000 0.0 0.0 0.0 1.0
VERTEX_SE3:QUAT 18 0.000000 0.000000 0.000000 0.0 0.0 0.0 1.0
EDGE_SE3:QUAT 1 0  0.000334 0.045213 0.008183 0.048312 -0.007692 -0.004619 0.998792   10000.000000 0.000000 0.000000 0.000000 0.000000 0.000000   10000.000000 0.000000 0.000000 0.000000 0.000000   10000.000000 0.000000 0.000000 0.000000   10000.000000 0.000000 0.000000   10000.000000 0.000000   10000.000000
EDGE_SE3:QUAT 2 0  0.000139 0.096411 0.026391 0.087639 -0.012668 -0.006296 0.996052   10000.000000 0.000000 0.000000 0.000000 0.000000 0.000000   10000.000000 0.000000 0.000000 0.000000 0.000000   10000.000000 0.000000 0.000000 0.000000   10000.000000 0.000000 0.000000   10000.000000 0.000000   10000.000000
EDGE_SE3:QUAT 3 0  -0.005274 0.152551 0.049004 0.106430 -0.009837 0.009746 0.994224   10000.000000 0.000000 0.000000 0.000000 0.000000 0.000000   10000.000000 0.000000 0.000000 0.000000 0.000000   10000.000000 0.000000 0.000000 0.000000   10000.000000 0.000000 0.000000   10000.000000 0.000000   10000.000000
EDGE_SE3:QUAT 4 0  -0.012968 0.204383 0.074621 0.580691 -0.307294 0.707160 -0.261329   10000.000000 0.000000 0.000000 0.000000 0.000000 0.000000   10000.000000 0.000000 0.000000 0.000000 0.000000   10000.000000 0.000000 0.000000 0.000000   10000.000000 0.000000 0.000000   10000.000000 0.000000   10000.000000
EDGE_SE3:QUAT 2 1  -0.000240 0.051983 0.014670 0.039402 -0.005092 -0.001626 0.999209   10000.000000 0.000000 0.000000 0.000000 0.000000 0.000000   10000.000000 0.000000 0.000000 0.000000 0.000000   10000.000000 0.000000 0.000000 0.000000   10000.000000 0.000000 0.000000   10000.000000 0.000000   10000.000000
EDGE_SE3:QUAT 3 1  -0.004230 0.108604 0.035630 0.058148 -0.003140 0.014669 0.998195   10000.000000 0.000000 0.000000 0.000000 0.000000 0.000000   10000.000000 0.000000 0.000000 0.000000 0.000000   10000.000000 0.000000 0.000000 0.000000   10000.000000 0.000000 0.000000   10000.000000 0.000000   10000.000000
EDGE_SE3:QUAT 4 1  -0.010878 0.161121 0.059279 0.080759 -0.006876 0.025469 0.996384   10000.000000 0.000000 0.000000 0.000000 0.000000 0.000000   10000.000000 0.000000 0.000000 0.000000 0.000000   10000.000000 0.000000 0.000000 0.000000   10000.000000 0.000000 0.000000   10000.000000 0.000000   10000.000000
EDGE_SE3:QUAT 3 2  -0.002329 0.057241 0.019024 0.018692 0.001272 0.016453 0.999689   10000.000000 0.000000 0.000000 0.000000 0.000000 0.000000   10000.000000 0.000000 0.000000 0.000000 0.000000   10000.000000 0.000000 0.000000 0.000000   10000.000000 0.000000 0.000000   10000.000000 0.000000   10000.000000
EDGE_SE3:QUAT 4 2  -0.007748 0.110618 0.040381 0.041295 -0.002932 0.027209 0.998772   10000.000000 0.000000 0.000000 0.000000 0.000000 0.000000   10000.000000 0.000000 0.000000 0.000000 0.000000   10000.000000 0.000000 0.000000 0.000000   10000.000000 0.000000 0.000000   10000.000000 0.000000   10000.000000
EDGE_SE3:QUAT 5 2  -0.010659 0.150867 0.069920 0.089454 -0.015537 0.016260 0.995737   10000.000000 0.000000 0.000000 0.000000 0.000000 0.000000   10000.000000 0.000000 0.000000 0.000000 0.000000   10000.000000 0.000000 0.000000 0.000000   10000.000000 0.000000 0.000000   10000.000000 0.000000   10000.000000
EDGE_SE3:QUAT 6 2  -0.007987 0.184435 0.097537 0.123735 0.926671 -0.340345 -0.100679   10000.000000 0.000000 0.000000 0.000000 0.000000 0.000000   10000.000000 0.000000 0.000000 0.000000 0.000000   10000.000000 0.000000 0.000000 0.000000   10000.000000 0.000000 0.000000   10000.000000 0.000000   10000.000000
EDGE_SE3:QUAT 4 3  -0.004045 0.054363 0.018805 0.022696 -0.004031 0.010660 0.999677   10000.000000 0.000000 0.000000 0.000000 0.000000 0.000000   10000.000000 0.000000 0.000000 0.000000 0.000000   10000.000000 0.000000 0.000000 0.000000   10000.000000 0.000000 0.000000   10000.000000 0.000000   10000.000000
EDGE_SE3:QUAT 5 3  -0.007671 0.096895 0.043051 0.071091 -0.015631 -0.000532 0.997347   10000.000000 0.000000 0.000000 0.000000 0.000000 0.000000   10000.000000 0.000000 0.000000 0.000000 0.000000   10000.000000 0.000000 0.000000 0.000000   10000.000000 0.000000 0.000000   10000.000000 0.000000   10000.000000
EDGE_SE3:QUAT 6 3  -0.006908 0.132591 0.066636 0.108825 -0.020506 -0.020769 0.993632   10000.000000 0.000000 0.000000 0.000000 0.000000 0.000000   10000.000000 0.000000 0.000000 0.000000 0.000000   10000.000000 0.000000 0.000000 0.000000   10000.000000 0.000000 0.000000   10000.000000 0.000000   10000.000000
EDGE_SE3:QUAT 5 4  -0.004363 0.044528 0.019133 0.048601 -0.010836 -0.011232 0.998696   10000.000000 0.000000 0.000000 0.000000 0.000000 0.000000   10000.000000 0.000000 0.000000 0.000000 0.000000   10000.000000 0.000000 0.000000 0.000000   10000.000000 0.000000 0.000000   10000.000000 0.000000   10000.000000
EDGE_SE3:QUAT 6 4  -0.005472 0.082109 0.038800 0.086541 -0.014863 -0.031381 0.995643   10000.000000 0.000000 0.000000 0.000000 0.000000 0.000000   10000.000000 0.000000 0.000000 0.000000 0.000000   10000.000000 0.000000 0.000000 0.000000   10000.000000 0.000000 0.000000   10000.000000 0.000000   10000.000000
EDGE_SE3:QUAT 7 4  -0.009929 0.117928 0.060331 0.114445 -0.003758 -0.027071 0.993054   10000.000000 0.000000 0.000000 0.000000 0.000000 0.000000   10000.000000 0.000000 0.000000 0.000000 0.000000   10000.000000 0.000000 0.000000 0.000000   10000.000000 0.000000 0.000000   10000.000000 0.000000   10000.000000
EDGE_SE3:QUAT 6 5  -0.002712 0.039029 0.016342 0.038212 -0.003502 -0.019942 0.999065   10000.000000 0.000000 0.000000 0.000000 0.000000 0.000000   10000.000000 0.000000 0.000000 0.000000 0.000000   10000.000000 0.000000 0.000000 0.000000   10000.000000 0.000000 0.000000   10000.000000 0.000000   10000.000000
EDGE_SE3:QUAT 7 5  -0.007159 0.076220 0.035418 0.066284 0.007038 -0.014824 0.997666   10000.000000 0.000000 0.000000 0.000000 0.000000 0.000000   10000.000000 0.000000 0.000000 0.000000 0.000000   10000.000000 0.000000 0.000000 0.000000   10000.000000 0.000000 0.000000   10000.000000 0.000000   10000.000000
EDGE_SE3:QUAT 8 5  -0.017716 0.113383 0.059057 0.084028 0.018109 0.004676 0.996288   10000.000000 0.000000 0.000000 0.000000 0.000000 0.000000   10000.000000 0.000000 0.000000 0.000000 0.000000   10000.000000 0.000000 0.000000 0.000000   10000.000000 0.000000 0.000000   10000.000000 0.000000   10000.000000
EDGE_SE3:QUAT 7 6  -0.004358 0.038210 0.016842 0.028292 0.009770 0.005586 0.999536   10000.000000 0.000000 0.000000 0.000000 0.000000 0.000000   10000.000000 0.000000 0.000000 0.000000 0.000000   10000.000000 0.000000 0.000000 0.000000   10000.000000 0.000000 0.000000   10000.000000 0.000000   10000.000000
EDGE_SE3:QUAT 8 6  -0.013774 0.076207 0.039056 0.046224 0.019726 0.025525 0.998410   10000.000000 0.000000 0.000000 0.000000 0.000000 0.000000   10000.000000 0.000000 0.000000 0.000000 0.000000   10000.000000 0.000000 0.000000 0.000000   10000.000000 0.000000 0.000000   10000.000000 0.000000   10000.000000
EDGE_SE3:QUAT 9 6  -0.028992 0.110012 0.063823 0.071212 0.031552 0.053054 0.995549   10000.000000 0.000000 0.000000 0.000000 0.000000 0.000000   10000.000000 0.000000 0.000000 0.000000 0.000000   10000.000000 0.000000 0.000000 0.000000   10000.000000 0.000000 0.000000   10000.000000 0.000000   10000.000000
EDGE_SE3:QUAT 10 6  -0.051007 0.140173 0.091988 0.875238 0.019371 0.314287 0.367161   10000.000000 0.000000 0.000000 0.000000 0.000000 0.000000   10000.000000 0.000000 0.000000 0.000000 0.000000   10000.000000 0.000000 0.000000 0.000000   10000.000000 0.000000 0.000000   10000.000000 0.000000   10000.000000
EDGE_SE3:QUAT 8 7  -0.008235 0.038832 0.020751 0.018095 0.009499 0.020043 0.999590   10000.000000 0.000000 0.000000 0.000000 0.000000 0.000000   10000.000000 0.000000 0.000000 0.000000 0.000000   10000.000000 0.000000 0.000000 0.000000   10000.000000 0.000000 0.000000   10000.000000 0.000000   10000.000000
EDGE_SE3:QUAT 9 7  -0.021858 0.073966 0.043516 0.043356 0.020708 0.047665 0.997707   10000.000000 0.000000 0.000000 0.000000 0.000000 0.000000   10000.000000 0.000000 0.000000 0.000000 0.000000   10000.000000 0.000000 0.000000 0.000000   10000.000000 0.000000 0.000000   10000.000000 0.000000   10000.000000
EDGE_SE3:QUAT 10 7  -0.041644 0.106405 0.068865 0.079805 0.035523 0.088719 0.992219   10000.000000 0.000000 0.000000 0.000000 0.000000 0.000000   10000.000000 0.000000 0.000000 0.000000 0.000000   10000.000000 0.000000 0.000000 0.000000   10000.000000 0.000000 0.000000   10000.000000 0.000000   10000.000000
EDGE_SE3:QUAT 9 8  -0.012012 0.036740 0.020634 0.025322 0.011229 0.027611 0.999235   10000.000000 0.000000 0.000000 0.000000 0.000000 0.000000   10000.000000 0.000000 0.000000 0.000000 0.000000   10000.000000 0.000000 0.000000 0.000000   10000.000000 0.000000 0.000000   10000.000000 0.000000   10000.000000
EDGE_SE3:QUAT 10 8  -0.029568 0.071874 0.043016 0.061949 0.026078 0.068680 0.995372   10000.000000 0.000000 0.000000 0.000000 0.000000 0.000000   10000.000000 0.000000 0.000000 0.000000 0.000000   10000.000000 0.000000 0.000000 0.000000   10000.000000 0.000000 0.000000   10000.000000 0.000000   10000.000000
EDGE_SE3:QUAT 11 8  -0.047143 0.107922 0.066506 0.094721 0.058988 0.101373 0.988571   10000.000000 0.000000 0.000000 0.000000 0.000000 0.000000   10000.000000 0.000000 0.000000 0.000000 0.000000   10000.000000 0.000000 0.000000 0.000000   10000.000000 0.000000 0.000000   10000.000000 0.000000   10000.000000
EDGE_SE3:QUAT 10 9  -0.015301 0.037846 0.019386 0.036748 0.014852 0.041109 0.998368   10000.000000 0.000000 0.000000 0.000000 0.000000 0.000000   10000.000000 0.000000 0.000000 0.000000 0.000000   10000.000000 0.000000 0.000000 0.000000   10000.000000 0.000000 0.000000   10000.000000 0.000000   10000.000000
EDGE_SE3:QUAT 11 9  -0.032304 0.076484 0.039835 0.069125 0.047891 0.074430 0.993674   10000.000000 0.000000 0.000000 0.000000 0.000000 0.000000   10000.000000 0.000000 0.000000 0.000000 0.000000   10000.000000 0.000000 0.000000 0.000000   10000.000000 0.000000 0.000000   10000.000000 0.000000   10000.000000
EDGE_SE3:QUAT 12 9  -0.050769 0.112850 0.060401 0.089160 0.097171 0.101340 0.986072   10000.000000 0.000000 0.000000 0.000000 0.000000 0.000000   10000.000000 0.000000 0.000000 0.000000 0.000000   10000.000000 0.000000 0.000000 0.000000   10000.000000 0.000000 0.000000   10000.000000 0.000000   10000.000000
EDGE_SE3:QUAT 11 10  -0.015894 0.041060 0.017074 0.031634 0.033161 0.034193 0.998364   10000.000000 0.000000 0.000000 0.000000 0.000000 0.000000   10000.000000 0.000000 0.000000 0.000000 0.000000   10000.000000 0.000000 0.000000 0.000000   10000.000000 0.000000 0.000000   10000.000000 0.000000   10000.000000
EDGE_SE3:QUAT 12 10  -0.034674 0.079269 0.034798 0.050289 0.082309 0.062885 0.993349   10000.000000 0.000000 0.000000 0.000000 0.000000 0.000000   10000.000000 0.000000 0.000000 0.000000 0.000000   10000.000000 0.000000 0.000000 0.000000   10000.000000 0.000000 0.000000   10000.000000 0.000000   10000.000000
EDGE_SE3:QUAT 13 10  -0.057184 0.110305 0.051532 0.061179 0.127300 0.081573 0.986609   10000.000000 0.000000 0.000000 0.000000 0.000000 0.000000   10000.000000 0.000000 0.000000 0.000000 0.000000   10000.000000 0.000000 0.000000 0.000000   10000.000000 0.000000 0.000000   10000.000000 0.000000   10000.000000
EDGE_SE3:QUAT 12 11  -0.018206 0.039846 0.014681 0.018055 0.048964 0.029753 0.998194   10000.000000 0.000000 0.000000 0.000000 0.000000 0.000000   10000.000000 0.000000 0.000000 0.000000 0.000000   10000.000000 0.000000 0.000000 0.000000   10000.000000 0.000000 0.000000   10000.000000 0.000000   10000.000000
EDGE_SE3:QUAT 13 11  -0.041044 0.071967 0.029178 0.028221 0.093886 0.049703 0.993941   10000.000000 0.000000 0.000000 0.000000 0.000000 0.000000   10000.000000 0.000000 0.000000 0.000000 0.000000   10000.000000 0.000000 0.000000 0.000000   10000.000000 0.000000 0.000000   10000.000000 0.000000   10000.000000
EDGE_SE3:QUAT 14 11  -0.071342 0.095795 0.043517 0.020378 0.125914 0.074743 0.989012   10000.000000 0.000000 0.000000 0.000000 0.000000 0.000000   10000.000000 0.000000 0.000000 0.000000 0.000000   10000.000000 0.000000 0.000000 0.000000   10000.000000 0.000000 0.000000   10000.000000 0.000000   10000.000000
EDGE_SE3:QUAT 13 12  -0.022668 0.033180 0.012073 0.009865 0.044991 0.020353 0.998731   10000.000000 0.000000 0.000000 0.000000 0.000000 0.000000   10000.000000 0.000000 0.000000 0.000000 0.000000   10000.000000 0.000000 0.000000 0.000000   10000.000000 0.000000 0.000000   10000.000000 0.000000   10000.000000
EDGE_SE3:QUAT 14 12  -0.051996 0.057778 0.025763 0.002398 0.076517 0.046457 0.995982   10000.000000 0.000000 0.000000 0.000000 0.000000 0.000000   10000.000000 0.000000 0.000000 0.000000 0.000000   10000.000000 0.000000 0.000000 0.000000   10000.000000 0.000000 0.000000   10000.000000 0.000000   10000.000000
EDGE_SE3:QUAT 15 12  -0.088483 0.075697 0.044145 -0.001300 0.108017 0.055577 0.992593   10000.000000 0.000000 0.000000 0.000000 0.000000 0.000000   10000.000000 0.000000 0.000000 0.000000 0.000000   10000.000000 0.000000 0.000000 0.000000   10000.000000 0.000000 0.000000   10000.000000 0.000000   10000.000000
EDGE_SE3:QUAT 14 13  -0.028364 0.025665 0.012696 -0.006898 0.031200 0.026773 0.999131   10000.000000 0.000000 0.000000 0.000000 0.000000 0.000000   10000.000000 0.000000 0.000000 0.000000 0.000000   10000.000000 0.000000 0.000000 0.000000   10000.000000 0.000000 0.000000   10000.000000 0.000000   10000.000000
EDGE_SE3:QUAT 15 13  -0.065097 0.043914 0.029883 -0.010788 0.062647 0.036428 0.997312   10000.000000 0.000000 0.000000 0.000000 0.000000 0.000000   10000.000000 0.000000 0.000000 0.000000 0.000000   10000.000000 0.000000 0.000000 0.000000   10000.000000 0.000000 0.000000   10000.000000 0.000000   10000.000000
EDGE_SE3:QUAT 16 13  -0.110112 0.060272 0.053156 -0.023382 0.077189 0.045741 0.995692   10000.000000 0.000000 0.000000 0.000000 0.000000 0.000000   10000.000000 0.000000 0.000000 0.000000 0.000000   10000.000000 0.000000 0.000000 0.000000   10000.000000 0.000000 0.000000   10000.000000 0.000000   10000.000000
EDGE_SE3:QUAT 15 14  -0.037092 0.018671 0.015640 -0.004440 0.031439 0.009599 0.999450   10000.000000 0.000000 0.000000 0.000000 0.000000 0.000000   10000.000000 0.000000 0.000000 0.000000 0.000000   10000.000000 0.000000 0.000000 0.000000   10000.000000 0.000000 0.000000   10000.000000 0.000000   10000.000000
EDGE_SE3:QUAT 16 14  -0.082013 0.035230 0.038744 -0.017132 0.045746 0.019240 0.998621   10000.000000 0.000000 0.000000 0.000000 0.000000 0.000000   10000.000000 0.000000 0.000000 0.000000 0.000000   10000.000000 0.000000 0.000000 0.000000   10000.000000 0.000000 0.000000   10000.000000 0.000000   10000.000000
EDGE_SE3:QUAT 17 14  -0.128242 0.051148 0.066361 -0.026452 0.056289 0.019734 0.997869   10000.000000 0.000000 0.000000 0.000000 0.000000 0.000000   10000.000000 0.000000 0.000000 0.000000 0.000000   10000.000000 0.000000 0.000000 0.000000   10000.000000 0.000000 0.000000   10000.000000 0.000000   10000.000000
EDGE_SE3:QUAT 16 15  -0.045007 0.016899 0.022512 -0.012523 0.014246 0.009979 0.999770   10000.000000 0.000000 0.000000 0.000000 0.000000 0.000000   10000.000000 0.000000 0.000000 0.000000 0.000000   10000.000000 0.000000 0.000000 0.000000   10000.000000 0.000000 0.000000   10000.000000 0.000000   10000.000000
EDGE_SE3:QUAT 17 15  -0.091549 0.032561 0.049713 -0.021926 0.024719 0.010726 0.999396   10000.000000 0.000000 0.000000 0.000000 0.000000 0.000000   10000.000000 0.000000 0.000000 0.000000 0.000000   10000.000000 0.000000 0.000000 0.000000   10000.000000 0.000000 0.000000   10000.000000 0.000000   10000.000000
EDGE_SE3:QUAT 18 15  -0.142141 0.041792 0.064494 -0.067062 0.006400 0.035212 0.997107   10000.000000 0.000000 0.000000 0.000000 0.000000 0.000000   10000.000000 0.000000 0.000000 0.000000 0.000000   10000.000000 0.000000 0.000000 0.000000   10000.000000 0.000000 0.000000   10000.000000 0.000000   10000.000000
EDGE_SE3:QUAT 17 16  -0.046991 0.015296 0.026595 -0.009500 0.010392 0.000753 0.999901   10000.000000 0.000000 0.000000 0.000000 0.000000 0.000000   10000.000000 0.000000 0.000000 0.000000 0.000000   10000.000000 0.000000 0.000000 0.000000   10000.000000 0.000000 0.000000   10000.000000 0.000000   10000.000000
EDGE_SE3:QUAT 18 16  -0.095910 0.024979 0.044544 -0.054122 -0.008035 0.026129 0.998160   10000.000000 0.000000 0.000000 0.000000 0.000000 0.000000   10000.000000 0.000000 0.000000 0.000000 0.000000   10000.000000 0.000000 0.000000 0.000000   10000.000000 0.000000 0.000000   10000.000000 0.000000   10000.000000
EDGE_SE3:QUAT 18 17  -0.047216 0.009950 0.021040 -0.044357 -0.018199 0.026013 0.998511   10000.000000 0.000000 0.000000 0.000000 0.000000 0.000000   10000.000000 0.000000 0.000000 0.000000 0.000000   10000.000000 0.000000 0.000000 0.000000   10000.000000 0.000000 0.000000   10000.000000 0.000000   10000.000000
