                      1305032354.1096001 0.9206999999999999629 -0.4163000000000000034 0.8440999999999999615 -0.2708075041799126725 -0.5937164521108351245 0.672418632978483366 0.3493096795053304837
                      1305032354.2097001 0.9311000000000000387 -0.410399999999999987 0.8901999999999999913 -0.2982039825407804545 -0.6206082882790353583 0.6437085967857155699 0.3340044606593584042
                         1305032354.3097 0.9437999999999999723 -0.4028999999999999804 0.9439999999999999503 0.3089903998174142186 0.6411800788444206312 -0.6206807157497379324 -0.3288897815532282887
                      1305032354.4096999 0.9577999999999999847 -0.3946000000000000063 1.002599999999999936 0.303289642835542772 0.6585775099620456707 -0.6027794154344384703 -0.3330886252176699647
                         1305032354.5098 0.9687000000000000055 -0.3872999999999999776  1.05699999999999994 0.311292374986660958 0.6739834909765803905 -0.5812857615796530597 -0.3330918410152802767
                      1305032354.6098001 0.9758999999999999897 -0.3809000000000000163 1.102800000000000002 0.3452991781889339085 0.6932983499518907688 -0.5486986940986621208 -0.3146992510166738977
                      1305032354.7098999 0.9788000000000000034 -0.3768000000000000238 1.144099999999999895 0.3665953039442345074 0.7082909268513402079 -0.5273932441358135659 -0.2928962480230940524
                      1305032354.8101001 0.9806000000000000272 -0.3716999999999999749 1.186600000000000099 0.3607813084046048169 0.7278622904315739106 -0.5103735582309043561 -0.28208538553475343
                         1305032354.8799 0.981800000000000006 -0.365900000000000003 1.217500000000000027 0.3519040187668415753 0.7417084703590975936 -0.4979056861154033675 -0.2795031919446781532
                           1305032354.98 0.9808000000000000052 -0.3578000000000000069 1.260599999999999943 0.3329119950352755763 0.765427578852508006 -0.4766171728261109908 -0.2759099412142761443
                      1305032355.0799999 0.9751999999999999558 -0.3518999999999999906 1.304599999999999982 0.304491305374910759 0.7993771741106853179 -0.4404874220612420288 -0.2724922190957740353
                      1305032355.2100999 0.9612000000000000544 -0.3534999999999999809 1.364700000000000024 0.2599015256264332052 0.8405049337784420427 -0.4080023949810878681 -0.2440014322926113699
                      1305032355.3101001 0.9451000000000000512 -0.3573999999999999955 1.406900000000000039 0.2196092720992061931 0.8640364803903194391 -0.4022169819594750839 -0.2084087992052575944
                      1305032355.4102001 0.9242000000000000215 -0.3578999999999999959 1.442600000000000104 0.1854993674482355026 0.8795970005793420921 -0.3995986373709699002 -0.1794993879081308585
                      1305032355.4802001 0.9074999999999999734 -0.3548999999999999932 1.465100000000000069 0.1588970524870143008 0.8840836004013175042 -0.4051924837491390763 -0.1701968428778466436
                      1305032355.6103001 0.8671999999999999709 -0.3382999999999999896 1.503900000000000015 0.1305008815364321895 0.8882059998517936039 -0.4168028155125282352 -0.1426009632727603949
                      1305032355.7104001 0.8309999999999999609 -0.3164000000000000146 1.538200000000000012 0.1130976074454214803 0.8860812551493189027 -0.4289909247929780123 -0.134297158973652575
                         1305032355.8104 0.7936999999999999611 -0.2908000000000000029 1.571099999999999941 0.1080044315127393212 0.882836223513391416 -0.4369179271103315609 -0.1343055106681563804
                      1305032355.9103999  0.75880000000000003 -0.2656999999999999917 1.596799999999999997 0.08719616432509516568 0.8638619995464416057 -0.4677794228357742279 -0.1652927289327778826
