#
#
#
            1305032354.0896001                             0                            -0                             0                             0                             0                             0             1.000007170359515
            1305032354.1896999        5.5526720000062361e-06          0.045794037051999983         0.0037785285779999679         -0.048306304625222354         0.0077018099480758422         0.0046071353328862967           0.99877776865452328
               1305032354.2897       -0.00064746627999992708          0.099536315380000018         0.0091580759640000099         -0.087650288546428728          0.012653327396529438         0.0063136163879012157           0.99609086077197861
            1305032354.3896999        -0.0015743137319999302           0.15954253525800008          0.015664101570000002           -0.1064142717065653         0.0098593658177558441        -0.0097710312630235798           0.99418333681954851
               1305032354.4898        -0.0029992432919999732           0.21702906799800001          0.019983024809999965          -0.12903805840672805          0.012915868286663105         -0.020532896497883063           0.99137811384077745
            1305032354.5897999        -0.0058246053999999828           0.26553754342000008          0.022600459307999941          -0.17667734252236114          0.026095928396561306         -0.010148162568155155           0.98389078299685551
            1305032354.6898999        -0.0088402235239999592           0.30781150748600017          0.021355747391999927          -0.21353986048463414          0.033439790700585989         0.0098460295944853005            0.9763049279374818
            1305032354.7899001         -0.013484572651999979           0.34944387075799999          0.018559991057999888          -0.24113102120794372          0.022432789003306034          0.007397272480568623           0.97015352412735645
            1305032354.8900001         -0.020753376687999928           0.39362143559199997          0.017183609807999906          -0.25898964551355153         0.0082199820139653296        -0.0093304834309723608           0.96579617165548493
                 1305032354.99         -0.030216542755999921           0.43629293905399991          0.014105218775999961          -0.28357017927208189        -0.0095383426633780643         -0.032881842779544743           0.95831930951455013
               1305032355.0901         -0.040035483367999919           0.47950969131199994         0.0052625814779999475          -0.31845546941819508         -0.034236035900881326          -0.06833479155072629           0.94489489879329525
               1305032355.1901         -0.047682336379999926           0.52306901146999996         -0.011295970950000137          -0.34887315887118492         -0.074197741867159828         -0.091087147668628729           0.92973811831760644
            1305032355.2902999         -0.055986041451999952           0.56329257941800004         -0.032458023168000144          -0.36732140072979047          -0.12836262344676663          -0.10281592720587138           0.91546885211275186
            1305032355.3901999         -0.068843757375999945           0.59626679826399998         -0.054994630332000145          -0.37789272311517502          -0.17584193810420737          -0.10606352055323627           0.90280611557307977
               1305032355.4902         -0.088134034775999903           0.62471126180400005         -0.076046529996000117          -0.36990435400895305          -0.21466811447829948          -0.11716045458055066           0.89626137351347124
            1305032355.5903001          -0.11818307185199994           0.64969727863800009         -0.097065249090000194          -0.36737015299053477          -0.24683033831343351          -0.11309912334159138           0.88956871028459272
               1305032355.6903          -0.15791188367999992           0.67810890132000001          -0.11785993014000011          -0.35529504795387096          -0.26453073254483706          -0.11362460105759779           0.88932161783045405
            1305032355.7902999           -0.2018449800639999           0.70743508483599993          -0.13681665376200017          -0.34780249508160077          -0.27510519251949772          -0.10807194043801774           0.88978560737057877
            1305032355.8903999          -0.24551179443999993           0.73115120290000002          -0.15419014292400013          -0.29868342509552603          -0.27232919241065606          -0.12519129365065521           0.90606912167912057
